#
# gridID 1
#
gridtype  = lonlat
gridsize  = 4000
xsize     = 100
ysize     = 40
xname     = lon
xlongname = "longitude"
xunits    = "degrees_east"
yname     = lat
ylongname = "latitude"
yunits    = "degrees_north"
xfirst    = -64.6875
xinc      = 1.40625
xbounds   = -65.390625 -63.984375 
            -63.984375 -62.578125 
            -62.578125 -61.171875 
            -61.171875 -59.765625 
            -59.765625 -58.359375 
            -58.359375 -56.953125 
            -56.953125 -55.546875 
            -55.546875 -54.140625 
            -54.140625 -52.734375 
            -52.734375 -51.328125 
            -51.328125 -49.921875 
            -49.921875 -48.515625 
            -48.515625 -47.109375 
            -47.109375 -45.703125 
            -45.703125 -44.296875 
            -44.296875 -42.890625 
            -42.890625 -41.484375 
            -41.484375 -40.078125 
            -40.078125 -38.671875 
            -38.671875 -37.265625 
            -37.265625 -35.859375 
            -35.859375 -34.453125 
            -34.453125 -33.046875 
            -33.046875 -31.640625 
            -31.640625 -30.234375 
            -30.234375 -28.828125 
            -28.828125 -27.421875 
            -27.421875 -26.015625 
            -26.015625 -24.609375 
            -24.609375 -23.203125 
            -23.203125 -21.796875 
            -21.796875 -20.390625 
            -20.390625 -18.984375 
            -18.984375 -17.578125 
            -17.578125 -16.171875 
            -16.171875 -14.765625 
            -14.765625 -13.359375 
            -13.359375 -11.953125 
            -11.953125 -10.546875 
            -10.546875 -9.140625 
            -9.140625 -7.734375 
            -7.734375 -6.328125 
            -6.328125 -4.921875 
            -4.921875 -3.515625 
            -3.515625 -2.109375 
            -2.109375 -0.703125 
            -0.703125 0.703125 
            0.703125 2.109375 
            2.109375 3.515625 
            3.515625 4.921875 
            4.921875 6.328125 
            6.328125 7.734375 
            7.734375 9.140625 
            9.140625 10.546875 
            10.546875 11.953125 
            11.953125 13.359375 
            13.359375 14.765625 
            14.765625 16.171875 
            16.171875 17.578125 
            17.578125 18.984375 
            18.984375 20.390625 
            20.390625 21.796875 
            21.796875 23.203125 
            23.203125 24.609375 
            24.609375 26.015625 
            26.015625 27.421875 
            27.421875 28.828125 
            28.828125 30.234375 
            30.234375 31.640625 
            31.640625 33.046875 
            33.046875 34.453125 
            34.453125 35.859375 
            35.859375 37.265625 
            37.265625 38.671875 
            38.671875 40.078125 
            40.078125 41.484375 
            41.484375 42.890625 
            42.890625 44.296875 
            44.296875 45.703125 
            45.703125 47.109375 
            47.109375 48.515625 
            48.515625 49.921875 
            49.921875 51.328125 
            51.328125 52.734375 
            52.734375 54.140625 
            54.140625 55.546875 
            55.546875 56.953125 
            56.953125 58.359375 
            58.359375 59.765625 
            59.765625 61.171875 
            61.171875 62.578125 
            62.578125 63.984375 
            63.984375 65.390625 
            65.390625 66.796875 
            66.796875 68.203125 
            68.203125 69.609375 
            69.609375 71.015625 
            71.015625 72.421875 
            72.421875 73.828125 
            73.828125 75.234375 
yfirst    = 20.3111228942871
yinc      = 1.40074108808469
ybounds   = 19.6107397079468 21.0115060806274 
            21.0115060806274 22.4122724533081 
            22.4122724533081 23.8130378723145 
            23.8130378723145 25.2138032913208 
            25.2138032913208 26.6145687103271 
            26.6145687103271 28.0153331756592 
            28.0153331756592 29.4160976409912 
            29.4160976409912 30.8168621063232 
            30.8168621063232 32.217625617981 
            32.217625617981 33.6183891296387 
            33.6183891296387 35.0191516876221 
            35.0191516876221 36.4199123382568 
            36.4199123382568 37.8206748962402 
            37.8206748962402 39.2214374542236 
            39.2214374542236 40.6221961975098 
            40.6221961975098 42.0229549407959 
            42.0229549407959 43.423713684082 
            43.423713684082 44.8244705200195 
            44.8244705200195 46.225227355957 
            46.225227355957 47.6259841918945 
            47.6259841918945 49.0267391204834 
            49.0267391204834 50.427490234375 
            50.427490234375 51.8282413482666 
            51.8282413482666 53.2289924621582 
            53.2289924621582 54.6297397613525 
            54.6297397613525 56.0304851531982 
            56.0304851531982 57.4312286376953 
            57.4312286376953 58.8319683074951 
            58.8319683074951 60.2327041625977 
            60.2327041625977 61.6334362030029 
            61.6334362030029 63.0341663360596 
            63.0341663360596 64.4348926544189 
            64.4348926544189 65.8356094360352 
            65.8356094360352 67.2363204956055 
            67.2363204956055 68.6370239257812 
            68.6370239257812 70.0377159118652 
            70.0377159118652 71.4383964538574 
            71.4383964538574 72.8390617370605 
            72.8390617370605 74.2397079467773 
            74.2397079467773 75.6403274536133 
